Date,High,Low,Open,Close,Volume,Adj Close
2021-02-01,1915.5400390625,1844.5899658203125,1844.5899658203125,1893.0699462890625,2012600,1893.0699462890625
2021-02-02,1949.3699951171875,1906.3699951171875,1913.1300048828125,1919.1199951171875,3316600,1919.1199951171875
2021-02-03,2106.6201171875,2013.550048828125,2065.610107421875,2058.8798828125,4894100,2058.8798828125
2021-02-04,2069.300048828125,2035.0999755859375,2060.6201171875,2053.6298828125,2429800,2053.6298828125
2021-02-05,2095.93994140625,2050.0,2059.56005859375,2088.830078125,1489700,2088.830078125
2021-02-08,2115.0,2063.35009765625,2100.0,2084.52001953125,1441400,2084.52001953125
2021-02-09,2098.510009765625,2070.0,2074.800048828125,2075.389892578125,1094600,2075.389892578125
2021-02-10,2098.8798828125,2052.239990234375,2083.139892578125,2086.47998046875,1255100,2086.47998046875
2021-02-11,2094.0,2068.860107421875,2091.0,2088.75,1021200,2088.75
2021-02-12,2099.5,2073.570068359375,2079.77001953125,2095.030029296875,948500,2095.030029296875
2021-02-16,2145.139892578125,2091.75,2091.75,2110.699951171875,1548900,2110.699951171875
2021-02-17,2122.43994140625,2088.35009765625,2093.97998046875,2118.6201171875,1014700,2118.6201171875
2021-02-18,2121.989990234375,2093.330078125,2105.0,2105.81005859375,1127300,2105.81005859375
2021-02-19,2118.580078125,2083.429931640625,2107.7900390625,2088.81005859375,1866100,2088.81005859375
2021-02-22,2080.330078125,2048.0,2053.60009765625,2054.260009765625,1469500,2054.260009765625
2021-02-23,2072.5,1990.22998046875,2013.989990234375,2060.1201171875,1732200,2060.1201171875
2021-02-24,2088.320068359375,2027.530029296875,2030.0400390625,2083.81005859375,1129300,2083.81005859375
2021-02-25,2083.0,2006.489990234375,2055.929931640625,2015.949951171875,2073900,2015.949951171875
2021-02-26,2056.52001953125,2001.010009765625,2029.949951171875,2021.9100341796875,2001500,2021.9100341796875
