Date,High,Low,Open,Close,Volume,Adj Close
2021-01-04,8.84000015258789,8.430000305175781,8.8100004196167,8.520000457763672,85043100,8.520000457763672
2021-01-05,8.720000267028809,8.460000038146973,8.470000267028809,8.649999618530273,70127800,8.649999618530273
2021-01-06,8.9399995803833,8.680000305175781,8.789999961853027,8.84000015258789,72590200,8.84000015258789
2021-01-07,9.079999923706055,8.880000114440918,8.9399995803833,9.0600004196167,77117100,9.0600004196167
2021-01-08,9.140000343322754,8.890000343322754,9.100000381469727,9.0,59162200,9.0
2021-01-11,9.319999694824219,8.819999694824219,8.869999885559082,9.300000190734863,96129500,9.300000190734863
2021-01-12,9.819999694824219,9.289999961853027,9.300000190734863,9.779999732971191,124808500,9.779999732971191
2021-01-13,9.920000076293945,9.640000343322754,9.90999984741211,9.779999732971191,89549300,9.779999732971191
2021-01-14,10.199999809265137,9.789999961853027,9.8100004196167,10.170000076293945,112695300,10.170000076293945
2021-01-15,10.050000190734863,9.819999694824219,10.039999961853027,9.829999923706055,99985000,9.829999923706055
2021-01-19,10.210000038146973,9.970000267028809,10.0600004196167,10.020000457763672,78732800,10.020000457763672
2021-01-20,10.869999885559082,10.1899995803833,10.229999542236328,10.859999656677246,125033200,10.859999656677246
2021-01-21,12.149999618530273,11.119999885559082,11.279999732971191,11.529999732971191,282761600,11.529999732971191
2021-01-22,11.6899995803833,11.34000015258789,11.65999984741211,11.520000457763672,130866600,11.520000457763672
2021-01-25,11.520000457763672,10.880000114440918,11.489999771118164,11.289999961853027,118954500,11.289999961853027
2021-01-26,11.529999732971191,11.119999885559082,11.3100004196167,11.1899995803833,66267500,11.1899995803833
2021-01-27,11.170000076293945,10.699999809265137,11.020000457763672,10.789999961853027,82863000,10.789999961853027
2021-01-28,11.050000190734863,10.710000038146973,10.84000015258789,10.720000267028809,77388700,10.720000267028809
2021-01-29,10.84000015258789,10.449999809265137,10.59000015258789,10.529999732971191,73802500,10.529999732971191
2021-02-01,11.4399995803833,10.359999656677246,10.649999618530273,10.829999923706055,157114400,10.829999923706055
2021-02-02,11.199999809265137,10.710000038146973,11.140000343322754,10.859999656677246,80440700,10.859999656677246
2021-02-03,11.359999656677246,10.84000015258789,10.920000076293945,11.199999809265137,82968600,11.199999809265137
2021-02-04,11.619999885559082,11.170000076293945,11.399999618530273,11.369999885559082,106845000,11.369999885559082
2021-02-05,11.899999618530273,11.300000190734863,11.800000190734863,11.510000228881836,113088500,11.510000228881836
2021-02-08,11.579999923706055,11.3100004196167,11.520000457763672,11.5600004196167,75756700,11.5600004196167
2021-02-09,12.039999961853027,11.489999771118164,11.539999961853027,11.930000305175781,102250800,11.930000305175781
2021-02-10,12.020000457763672,11.529999732971191,12.0,11.760000228881836,76282500,11.760000228881836
2021-02-11,11.739999771118164,11.3100004196167,11.65999984741211,11.449999809265137,55644100,11.449999809265137
2021-02-12,11.619999885559082,11.369999885559082,11.420000076293945,11.449999809265137,44326800,11.449999809265137
2021-02-16,11.699999809265137,11.380000114440918,11.5,11.539999961853027,48392100,11.539999961853027
2021-02-17,11.609999656677246,11.369999885559082,11.609999656677246,11.479999542236328,49554000,11.479999542236328
2021-02-18,11.479999542236328,11.300000190734863,11.369999885559082,11.430000305175781,37777100,11.430000305175781
2021-02-19,11.59000015258789,11.460000038146973,11.520000457763672,11.579999923706055,48615600,11.579999923706055
2021-02-22,11.9399995803833,11.5,11.520000457763672,11.699999809265137,62183000,11.699999809265137
2021-02-23,11.649999618530273,11.130000114440918,11.59000015258789,11.619999885559082,72904500,11.619999885559082
2021-02-24,12.399999618530273,11.640000343322754,11.670000076293945,12.270000457763672,95152800,12.270000457763672
2021-02-25,12.399999618530273,11.720000267028809,12.220000267028809,11.760000228881836,75249400,11.760000228881836
2021-02-26,11.979999542236328,11.539999961853027,11.890000343322754,11.699999809265137,69576800,11.699999809265137
2021-03-01,12.079999923706055,11.779999732971191,11.869999885559082,11.979999542236328,42939600,11.979999542236328
