Date,High,Low,Open,Close,Volume,Adj Close
2021-01-04,42.119998931884766,40.13999938964844,41.95000076293945,40.5099983215332,15768100,40.5099983215332
2021-01-05,41.84000015258789,40.040000915527344,40.060001373291016,41.65999984741211,18045800,41.65999984741211
2021-01-06,43.849998474121094,41.86000061035156,41.91999816894531,42.97999954223633,22694900,42.97999954223633
2021-01-07,43.97999954223633,42.959999084472656,43.97999954223633,43.31999969482422,13625700,43.31999969482422
2021-01-08,43.4900016784668,42.31999969482422,43.310001373291016,43.060001373291016,18426200,43.060001373291016
2021-01-11,45.279998779296875,42.630001068115234,43.02000045776367,45.0099983215332,25887300,45.0099983215332
2021-01-12,48.95000076293945,45.650001525878906,46.29999923706055,47.81999969482422,63889300,47.81999969482422
2021-01-13,50.970001220703125,48.060001373291016,50.779998779296875,48.72999954223633,49229700,48.72999954223633
2021-01-14,51.869998931884766,49.33000183105469,49.5,51.529998779296875,36839800,51.529998779296875
2021-01-15,51.400001525878906,49.2599983215332,51.29999923706055,49.970001220703125,25293700,49.970001220703125
2021-01-19,55.13999938964844,52.2599983215332,53.689998626708984,54.84000015258789,64144000,54.84000015258789
2021-01-20,56.599998474121094,54.849998474121094,56.22999954223633,55.86000061035156,47428500,55.86000061035156
2021-01-21,56.970001220703125,54.7599983215332,56.33000183105469,55.08000183105469,39886600,55.08000183105469
2021-01-22,55.77000045776367,54.27000045776367,54.5,55.400001525878906,23895600,55.400001525878906
2021-01-25,55.15999984741211,51.02000045776367,54.95000076293945,53.38999938964844,39844200,53.38999938964844
2021-01-26,53.59000015258789,51.810001373291016,53.38999938964844,52.040000915527344,21648200,52.040000915527344
2021-01-27,50.86000061035156,48.709999084472656,50.79999923706055,49.34000015258789,38315200,49.34000015258789
2021-01-28,53.0,49.560001373291016,49.880001068115234,51.040000915527344,37573400,51.040000915527344
2021-01-29,51.779998779296875,49.959999084472656,50.70000076293945,50.68000030517578,26466800,50.68000030517578
2021-02-01,51.95000076293945,50.439998626708984,51.459999084472656,51.5099983215332,21451300,51.5099983215332
2021-02-02,52.97999954223633,51.959999084472656,52.29999923706055,52.720001220703125,20457400,52.720001220703125
2021-02-03,55.04999923706055,53.189998626708984,53.29999923706055,54.25,30706500,54.25
2021-02-04,54.560001373291016,52.970001220703125,53.34000015258789,54.130001068115234,19243300,54.130001068115234
2021-02-05,55.04999923706055,54.150001525878906,54.81999969482422,54.40999984741211,17180100,54.40999984741211
2021-02-08,57.04999923706055,55.66999816894531,56.0,56.880001068115234,26990000,56.880001068115234
2021-02-09,56.939998626708984,55.7400016784668,56.540000915527344,56.060001373291016,25168800,56.060001373291016
2021-02-10,55.689998626708984,52.5099983215332,55.61000061035156,54.880001068115234,55329800,54.880001068115234
2021-02-11,53.79999923706055,52.349998474121094,53.61000061035156,53.5,29846000,53.5
2021-02-12,54.189998626708984,52.959999084472656,53.0,53.599998474121094,15286300,53.599998474121094
2021-02-16,53.9900016784668,53.220001220703125,53.709999084472656,53.459999084472656,18541600,53.459999084472656
2021-02-17,53.33000183105469,52.08000183105469,52.84000015258789,52.88999938964844,13989700,52.88999938964844
2021-02-18,52.619998931884766,51.599998474121094,52.560001373291016,52.15999984741211,17615900,52.15999984741211
2021-02-19,53.290000915527344,52.220001220703125,52.5,52.56999969482422,15354400,52.56999969482422
2021-02-22,52.93000030517578,51.880001068115234,52.0,51.97999954223633,14501300,51.97999954223633
2021-02-23,51.380001068115234,49.349998474121094,51.0,51.11000061035156,21202700,51.11000061035156
2021-02-24,53.209999084472656,51.290000915527344,51.95000076293945,52.900001525878906,18375000,52.900001525878906
2021-02-25,52.93000030517578,50.54999923706055,52.70000076293945,50.599998474121094,20628900,50.599998474121094
2021-02-26,51.72999954223633,49.91999816894531,50.869998931884766,51.33000183105469,17119300,51.33000183105469
2021-03-01,52.81999969482422,51.81999969482422,52.40999984741211,52.540000915527344,15370300,52.540000915527344
